0 0.22197802197802197 0.030729166666666665 0.12307692307692308 0.05625
0 0.21428571428571427 0.09322916666666667 0.17142857142857143 0.08125
0 0.5137362637362637 0.3263020833333333 0.0956043956043956 0.05364583333333333
0 0.43956043956043955 0.36171875 0.1076923076923077 0.0484375
0 0.532967032967033 0.37890625 0.10989010989010989 0.05364583333333333
0 0.39395604395604394 0.4296875 0.0956043956043956 0.046875
0 0.48406593406593407 0.4434895833333333 0.1043956043956044 0.04739583333333333
0 0.47802197802197804 0.53984375 0.23956043956043957 0.10989583333333333
0 0.7164835164835165 0.5559895833333334 0.23956043956043957 0.09739583333333333
0 0.6939560439560439 0.3033854166666667 0.06703296703296703 0.033854166666666664
0 0.7664835164835165 0.2875 0.08021978021978023 0.04583333333333333
0 0.7357142857142858 0.32109375 0.08021978021978023 0.030729166666666665
