0 0.6126373626373627 0.22864583333333333 0.05384615384615385 0.016666666666666666
0 0.6791208791208792 0.3268229166666667 0.10989010989010989 0.050520833333333334
0 0.5912087912087912 0.3598958333333333 0.0967032967032967 0.04583333333333333
0 0.6824175824175824 0.37786458333333334 0.11648351648351649 0.057812499999999996
0 0.27197802197802196 0.40338541666666666 0.1 0.034895833333333334
0 0.3576923076923077 0.4158854166666667 0.12857142857142856 0.058854166666666666
0 0.2653846153846154 0.44921875 0.12197802197802197 0.0546875
0 0.13241758241758242 0.16276041666666666 0.03406593406593406 0.015104166666666667
0 0.15384615384615385 0.17447916666666666 0.041758241758241756 0.017708333333333333
0 0.15714285714285714 0.21666666666666667 0.041758241758241756 0.019791666666666666
