0 0.42527472527472526 0.3138020833333333 0.11648351648351649 0.05364583333333333
0 0.4236263736263736 0.3143229166666667 0.1087912087912088 0.05364583333333333
0 0.6538461538461539 0.17526041666666667 0.03956043956043956 0.0234375
0 0.6961538461538461 0.16848958333333333 0.04065934065934066 0.022395833333333334
0 0.11978021978021978 0.3177083333333333 0.07032967032967033 0.03125
0 0.1620879120879121 0.08984375 0.0956043956043956 0.049479166666666664
0 0.11208791208791209 0.12239583333333333 0.08571428571428572 0.042708333333333334
0 0.7071428571428572 0.40260416666666665 0.04945054945054945 0.01875
0 0.7615384615384615 0.4140625 0.06153846153846154 0.02395833333333333
0 0.1357142857142857 0.22630208333333332 0.06043956043956044 0.033854166666666664
0 0.18626373626373627 0.16484375 0.07582417582417582 0.024479166666666666
