0 0.31868131868131866 0.14296875 0.06813186813186813 0.0265625
0 0.3395604395604396 0.17447916666666666 0.07692307692307693 0.036458333333333336
0 0.5142857142857142 0.17942708333333332 0.054945054945054944 0.027604166666666666
0 0.5428571428571428 0.20520833333333333 0.06153846153846154 0.030208333333333334
0 0.789010989010989 0.23619791666666667 0.05934065934065934 0.0234375
0 0.1686813186813187 0.296875 0.056043956043956046 0.017708333333333333
0 0.8587912087912087 0.353125 0.05824175824175824 0.022916666666666665
0 0.9021978021978022 0.37005208333333334 0.06153846153846154 0.027604166666666666
0 0.43846153846153846 0.4471354166666667 0.041758241758241756 0.019270833333333334
0 0.8642857142857143 0.5408854166666667 0.06923076923076923 0.028645833333333332
0 0.0989010989010989 0.47265625 0.035164835164835165 0.013020833333333334
0 0.11043956043956044 0.4888020833333333 0.03626373626373627 0.0140625
