0 0.26373626373626374 0.30182291666666666 0.08131868131868132 0.0421875
0 0.31373626373626373 0.32760416666666664 0.08241758241758242 0.042708333333333334
0 0.5439560439560439 0.2638020833333333 0.06813186813186813 0.034895833333333334
0 0.5181318681318682 0.28671875 0.06483516483516484 0.028645833333333332
0 0.7582417582417582 0.08489583333333334 0.041758241758241756 0.028125
0 0.7681318681318682 0.11197916666666667 0.046153846153846156 0.026041666666666668
0 0.43241758241758244 0.13828125 0.051648351648351645 0.0234375
0 0.45604395604395603 0.15911458333333334 0.03956043956043956 0.021354166666666667
0 0.2423076923076923 0.14401041666666667 0.03626373626373627 0.01614583333333333
0 0.2703296703296703 0.15364583333333334 0.03736263736263736 0.01875
0 0.21923076923076923 0.07552083333333333 0.038461538461538464 0.021875
0 0.42967032967032964 0.017447916666666667 0.03296703296703297 0.018229166666666668
0 0.2291208791208791 0.058333333333333334 0.038461538461538464 0.014583333333333334
0 0.2532967032967033 0.07161458333333333 0.03406593406593406 0.018229166666666668
0 0.45 0.7799479166666666 0.07802197802197802 0.04010416666666666
0 0.49945054945054945 0.7671875 0.07802197802197802 0.042708333333333334
