0 0.47087912087912087 0.35390625 0.08021978021978023 0.0421875
0 0.4725274725274725 0.39557291666666666 0.08351648351648351 0.044270833333333336
0 0.6626373626373626 0.5747395833333333 0.17362637362637362 0.08385416666666666
0 0.5362637362637362 0.6197916666666666 0.16483516483516483 0.078125
0 0.6763736263736264 0.6567708333333333 0.15274725274725276 0.078125
0 0.5384615384615384 0.7333333333333333 0.08351648351648351 0.035416666666666666
0 0.6021978021978022 0.7557291666666667 0.06813186813186813 0.04375
0 0.6714285714285714 0.93125 0.06153846153846154 0.029166666666666667
0 0.39175824175824175 0.17578125 0.03406593406593406 0.0140625
0 0.4379120879120879 0.14401041666666667 0.045054945054945054 0.019270833333333334
0 0.521978021978022 0.14036458333333332 0.05274725274725275 0.022395833333333334
0 0.5362637362637362 0.1171875 0.046153846153846156 0.022916666666666665
0 0.44945054945054946 0.016927083333333332 0.03956043956043956 0.01614583333333333
0 0.4642857142857143 0.029427083333333333 0.03626373626373627 0.021354166666666667
0 0.5516483516483517 0.03802083333333333 0.03956043956043956 0.017708333333333333
0 0.8972527472527473 0.06432291666666666 0.027472527472527472 0.01614583333333333
