0 0.36428571428571427 0.2125 0.04945054945054945 0.03125
0 0.8884615384615384 0.3059895833333333 0.06923076923076923 0.025520833333333333
0 0.9478021978021978 0.2950520833333333 0.07802197802197802 0.027604166666666666
0 0.07857142857142857 0.16770833333333332 0.08461538461538462 0.020833333333333332
0 0.15219780219780218 0.1765625 0.06483516483516484 0.027083333333333334
0 0.3901098901098901 0.40859375 0.07692307692307693 0.033854166666666664
0 0.4340659340659341 0.4401041666666667 0.07912087912087912 0.041666666666666664
0 0.4445054945054945 0.38385416666666666 0.03406593406593406 0.030208333333333334
0 0.5637362637362637 0.44166666666666665 0.04395604395604395 0.02395833333333333
0 0.6038461538461538 0.44687499999999997 0.03406593406593406 0.022916666666666665
0 0.9214285714285714 0.6481770833333333 0.04285714285714286 0.0171875
0 0.971978021978022 0.6088541666666667 0.045054945054945054 0.021875
